0.564728
-0.560652
0.187754
0.041533
1.430570
-1.044727
-0.768217
-0.872581
0.040193
0.009921
-0.390592
0.507037
1.314608
1.147718
-1.397708
0.688374
0.648787
-1.754160
-1.157965
-0.962473
0.896555
-0.064387
-0.214436
1.354077
0.744243
0.512167
-0.385320
-0.678030
-0.533236
-0.375088
1.734105
-0.664010
0.549698
1.022206
-0.046231
-1.254461
-0.719135
-0.133511
0.187814
-1.817791
0.253295
-0.379155
-1.802013
-0.466359
-0.077690
0.794988
-1.996818
0.920983
-1.827124
-0.211846
-1.449991
0.190225
-0.148078
2.361796
-0.348744
-1.496946
-0.660957
-1.326039
-0.668599
-0.012857
1.374982
-1.564145
0.127357
-0.390481
0.761234
-1.591471
1.785379
-1.548317
0.527968
-0.218737
0.747815
-1.358297
-3.547782
-0.277122
1.431504
0.681066
0.408907
-1.129317
-2.479060
-1.728047
0.994570
-1.067193
-1.911289
1.054235
1.607034
0.553627
-0.370018
-1.221807
-0.009220
-1.901350
-0.272922
-0.660132
1.383168
-0.904216
1.035196
-0.353552
-0.125321
-1.359878
0.331793
-0.954448
0.044098
0.424081
0.615552
0.425323
-0.607617
-0.152386
1.638649
0.079664
-0.167379
-1.062804
0.905571
-1.022140
-0.396316
0.396066
-0.525159
0.836478
-1.961607
0.456304
0.070243
0.567510
0.472481
-0.601829
0.302278
0.064913
-1.301378
-0.704686
-2.110967
-0.356392
-1.451896
-1.019984
-0.571444
0.564212
1.596610
-0.505840
1.225197
-0.157855
0.562282
-0.184973
-0.377534
-0.320935
0.088453
0.796329
1.162549
-0.149668
-0.012306
1.182360
0.214469
-0.028184
0.304219
0.559181
-0.783841
-1.009605
0.153248
-0.501495
0.558090
-0.543888
-0.037714
0.150300
-0.225544
-0.743492
-0.149260
-0.376067
-0.487779
-0.887272
-2.467406
0.442857
1.620765
1.672582
0.429929
-1.206917
-0.849666
-0.003885
1.166030
-1.707646
-1.043574
0.833465
0.942569
2.040738
0.575715
-0.247505
-0.152186
-1.784149
-0.916608
0.114773
0.030783
-0.070707
-0.631717
1.049954
-0.696454
-0.971211
1.090791
-1.677852
0.442866
-0.711702
0.445977
-1.213061
0.868625
0.129895
-0.942337
-0.844057
-0.409697
0.083568
-0.556812
-1.009903
-0.068634
-0.247069
-1.216225
-0.061190
0.732840
0.287735
-0.987970
-0.148150
-1.175611
-0.692707
-0.137592
1.450620
-0.227647
1.347073
-0.058988
1.998369
-1.580938
-0.593565
-1.540919
-0.141645
-0.751253
-0.135014
1.171849
1.187376
-1.157400
2.009170
0.075900
1.718579
-0.068157
-0.269348
-0.549164
0.730826
2.375533
-0.986358
1.304893
0.655440
-0.515713
-1.227306
0.901938
0.301151
0.518403
0.199915
-1.564628
-1.489892
-0.198481
0.134865
-0.868607
0.198134
1.474691
1.165356
-0.033058
-0.157443
-0.424505
-1.207150
-0.154782
-0.824313
0.474723
-2.199058
0.583292
-1.859943
-0.413159
0.408251
-1.638840
-0.038538
1.224901
0.975229
-1.471927
-0.173902
-1.235199
-1.020605
0.016965
0.130537
0.693098
-2.473690
-0.485581
-0.295573
-0.577207
-0.306131
-2.167432
0.673865
-0.530587
-0.451321
-0.576932
0.392686
-1.710877
-0.371819
-0.879952
-0.669714
-0.884022
0.695123
0.939795
-1.195038
0.516625
-0.595963
0.799269
-1.184379
-2.323343
0.387117
0.057822
0.568173
-1.126120
-0.156294
1.038656
0.240491
-0.463455
1.117825
0.028200
-0.163499
0.435608
1.185004
-0.753429
-0.615248
-0.323450
1.436849
-0.214108
-0.840415
0.105166
0.174621
-1.764572
-0.786484
0.693774
-0.818664
-1.097624
0.135982
-3.353418
-1.678825
1.268250
-0.337074
-0.200212
0.519210
-1.045107
0.212033
1.330510
0.677139
0.006768
2.722611
-0.628033
-1.554070
0.134541
0.361234
0.094274
0.615044
-0.760006
-0.515933
-0.141310
0.786035
1.836844
-1.086119
0.291720
-1.560203
0.037732
-0.496022
-1.236937
-0.058982
-1.452049
1.956539
-0.974768
-0.034590
-1.340022
0.981904
-0.789863
-0.655004
-0.565129
0.880060
0.219147
-1.348765
0.360076
-0.756570
-1.668254
-0.781834
-0.633097
0.601094
0.721379
-1.222842
-1.564022
-0.261675
-1.312706
-0.137641
0.235544
-0.473244
1.598423
-1.027870
-0.778276
-0.135624
-1.472531
-0.014233
-0.025046
3.567671
0.306900
0.593656
-0.186118
-0.476072
0.299539
-0.898345
0.843108
0.075312
-1.552124
-0.097296
-0.203331
2.465006
-0.868127
-1.355429
1.095216
-0.857258
-0.626710
-0.754085
1.001891
0.148298
0.373768
-1.137358
0.133162
1.713115
-0.621591
0.238694
-0.780458
-0.280928
1.523001
-0.300636
0.163949
-0.829753
-0.464986
-0.118147
-0.693097
1.447833
0.457603
-0.234584
0.927584
-0.115360
0.908522
1.792259
0.673170
-1.883696
0.807266
-0.027132
1.177855
-0.233426
-1.159079
-0.309778
0.532927
0.658917
-0.794377
-0.074325
0.106689
0.721838
-1.745764
-0.720903
-0.801161
0.188792
-0.411091
-0.925101
-1.300613
0.326518
0.676062
-1.521314
-0.314178
-1.159059
1.049122
0.020154
-1.665169
0.356912
-0.357989
-0.026771
-0.833682
0.093722
1.976820
0.860652
-0.081977
0.318685
-0.404533
0.066246
0.948827
-0.431940
-0.202198
0.335409
-0.524462
0.705516
-0.547094
0.637600
-1.132347
0.670386
0.430011
-0.730918
-0.620054
0.577509
0.907501
-2.306555
0.886234
0.140323
0.447923
-0.609708
0.817922
-1.929373
0.271884
1.159547
-0.298159
0.779274
-0.767173
0.305323
1.244583
-0.954203
-0.414996
2.504204
0.199938
-0.216491
-0.411077
-0.503503
0.405560
-0.413149
-0.866525
-1.462643
-0.256270
0.659212
0.343474
0.973451
-1.641359
0.866530
0.104889
-0.502808
-2.209800
0.182458
-0.782174
-0.321054
-0.616669
0.894372
0.909650
2.222161
0.932961
0.818156
-0.038785
0.228831
0.501185
-0.786923
0.117591
1.635673
-1.275594
0.421732
-0.920518
-0.112200
-0.704140
-1.283005
-0.072591
-1.729748
-0.009628
-2.267440
-0.137721
-1.277645
-1.183759
-0.481072
-1.757077
0.788216
-0.062611
0.341059
0.619975
-1.075958
0.396872
-1.791529
1.316454
0.480288
0.111161
-1.160450
-0.047572
-0.510394
-1.977244
-0.418867
-0.098358
0.139726
0.642655
0.044159
-2.273203
-0.890338
-1.774612
0.442452
1.249495
-0.866166
2.514035
1.879097
0.796808
-1.166688
0.213576
0.822401
-0.523502
-0.841449
-0.872978
1.526769
-2.840168
0.906755
0.729679
1.230681
0.042491
1.331159
-1.473044
-0.475333
1.009421
-1.148431
1.211509
-0.502605
-0.497167
0.417181
0.089115
0.177860
0.832807
0.604525
-2.979085
-0.448722
0.206407
0.550190
0.518610
-0.187476
0.120849
0.757349
-0.466950
-0.009324
-0.630777
1.745153
-0.547391
0.083894
-0.757318
-0.526453
-0.021413
-1.230076
-0.418895
0.586429
-0.499236
1.145358
-1.388766
1.036283
-0.216854
0.439511
-0.633235
0.311923
0.112052
1.137499
-1.807824
1.056895
-0.618882
1.163245
0.824858
-0.615977
-1.125841
0.475731
-0.206037
0.494450
0.317536
-1.388670
-0.132131
-1.418948
1.596776
0.182343
-0.088026
-1.359934
0.804554
0.701545
0.286619
0.797464
-0.615298
1.760238
0.245699
-0.755601
0.375451
0.865808
-1.205454
0.634669
1.249261
-1.860313
0.385162
-0.210260
-0.170054
-0.546860
0.961886
0.073504
-0.112005
-0.792051
-1.179758
0.252007
0.751094
-0.004933
1.183067
-0.360866
-0.723223
-0.217853
1.495581
0.189215
-0.047326
-0.812106
1.087556
0.486334
0.335828
-0.607259
0.272126
-0.671012
0.735382
-0.496010
1.195661
-0.510220
-0.806029
0.156839
1.573125
-0.468295
-1.973741
0.321311
-1.774570
0.335831
-0.431288
1.558097
-0.090840
-0.438009
-1.311644
-0.130378
-0.630887
2.547912
-2.879929
0.579902
0.700729
0.483083
-0.456593
1.781246
-1.386911
-1.867048
0.067971
1.785199
-0.614506
0.049414
1.211746
0.119642
-0.812065
0.665568
1.142033
-0.213190
-0.222455
-0.290286
0.470787
-0.455293
-0.370936
-1.074741
-0.254961
-0.662954
-0.052021
-0.532212
-1.060094
0.384235
1.205091
1.304478
0.973724
-0.254537
-0.852573
0.560679
-0.031005
-0.016551
0.043741
0.135805
-1.334439
1.021085
-0.721627
-0.213719
-1.401940
-0.184236
-0.614974
-0.115496
-0.265416
-1.975313
-0.162825
0.835860
0.475927
-0.494047
-0.571802
0.077417
1.089473
-0.074131
1.164062
1.242185
-0.811284
1.417832
0.827481
0.151053
-1.004989
-0.460311
0.650521
1.701967
-0.413324
0.390432
0.831062
-0.169605
-0.357690
0.416858
1.724055
1.086926
0.726729
-2.278471
-0.321144
0.389085
0.954721
-0.386319
2.575879
1.849296
-0.345284
0.167631
0.368644
-1.323846
-0.663292
-0.026450
-1.031699
0.436111
0.711063
-1.906400
-1.434962
-0.240830
-0.321942
-1.265366
-1.845909
0.700571
-0.245922
1.100901
-0.684670
0.483923
1.585034
0.543891
1.246787
-0.392098
-0.221105
1.054126
-0.866986
1.849250
-0.398452
-1.960340
-0.672095
-1.431959
1.051914
-0.310747
1.558691
-0.259281
1.819129
0.036102
-0.347524
-0.240144
-1.595564
0.574526
0.488455
0.976132
-0.085616
-0.629529
-2.164415
1.360199
-0.600344
0.551245
-2.072158
0.709094
-0.305240
0.246555
-0.337910
-0.730825
0.419322
-0.021360
1.004307
0.915497
-1.114826
0.889706
0.516542
-1.397454
-0.425495
-0.742073
0.928917
0.371664
0.939245
1.196395
1.857755
-0.295794
-1.236762
0.616222
-0.173887
-0.382296
-2.528627
-0.238306
0.998735
1.733491
0.137655
1.134831
-1.230860
0.529666
-0.025630
-1.149276
0.777402
0.354090
0.050323
0.107584
1.177475
0.560217
0.091280
0.071024
-0.653494
0.666967
0.106590
-0.293620
1.205739
1.549563
1.532753
0.681243
0.494659
1.021444
0.623061
0.276313
1.021130
-1.081506
-2.667766
-1.527705
0.295320
-2.702033
1.726448
-1.327589
-0.267316
0.398377
-0.916768
0.353510
-1.883070
0.451662
0.656364
0.903423
-0.939577
-0.791634
0.061497
0.315371
-0.476877
-1.023075
0.090574
0.609038
-0.370130
2.833606
3.213675
1.223967
1.116623
0.467185
-0.918751
-0.955276
1.175278
0.698766
1.145761
-0.461383
-1.953805
-0.303263
0.057824
0.285343
0.254960
-0.010210
-1.539862
-0.588635
-0.811657
0.645216
-0.424625
0.207216
-1.329671
1.368660
1.113059
1.089631
-0.969138
-1.033276
-0.671538
-0.071114
-0.279157
-0.218447
0.636058
0.556033
0.732561
0.564289
-0.139391
1.027063
1.519110
0.909444
-0.455122
0.838273
-0.434593
-1.234447
0.217191
0.272796
1.654488
0.721170
-0.837134
-1.046102
1.654187
-1.646970
-0.226854
-0.066150
0.678714
-0.797439
1.486493
-0.564178
-0.486872
-0.365482
0.568803
0.061603
1.496010
-1.469542
1.909279
0.189958
-0.602703
1.488558
-1.122323
-0.252520
