0.785084
0.069590
0.614714
0.334964
0.979371
0.488997
0.832285
0.781391
0.512544
0.661403
0.041854
0.679373
0.503226
0.534487
0.896363
0.734209
0.102449
0.624624
0.540332
0.370504
0.558089
0.333483
0.169697
0.871655
0.192006
0.388189
0.655520
0.604370
0.253793
0.800570
0.703135
0.091034
0.842748
0.357584
0.840219
0.681880
0.182580
0.545606
0.752081
0.318836
0.404604
0.703566
0.449532
0.724963
0.652266
0.304816
0.050961
0.868026
0.462798
0.866929
0.173553
0.795853
0.504443
0.059349
0.401653
0.779416
0.012075
0.543075
0.743531
0.193060
0.763354
0.687693
0.944691
0.150488
0.695683
0.820309
0.385047
0.104893
0.290278
0.991200
0.945528
0.131952
0.567215
0.327802
0.775327
0.972830
0.111069
0.410726
0.387720
0.408589
0.192893
0.276069
0.431777
0.944906
0.953437
0.810636
0.266401
0.756472
0.527192
0.256747
0.192970
0.711094
0.375403
0.419664
0.432637
0.358304
0.370373
0.943553
0.794481
0.315229
0.230205
0.622283
0.874874
0.011145
0.095988
0.998842
0.925509
0.255901
0.838605
0.354847
0.587024
0.366604
0.989985
0.183219
0.677178
0.882952
0.637949
0.478905
0.876994
0.824382
0.192351
0.086872
0.029481
0.712396
0.935556
0.612437
0.109774
0.670017
0.018810
0.956644
0.128094
0.694466
0.808389
0.792072
0.213067
0.789990
0.545182
0.920043
0.472175
0.763822
0.642767
0.767382
0.120950
0.886515
0.656725
0.704069
0.713638
0.475497
0.475581
0.513332
0.972824
0.327548
0.195378
0.072183
0.915888
0.223404
0.254531
0.218240
0.381895
0.487387
0.577116
0.647524
0.876579
0.460071
0.634349
0.228197
0.229111
0.374485
0.677844
0.153685
0.525212
0.391449
0.242705
0.856970
0.143879
0.446582
0.239893
0.541136
0.765404
0.405079
0.703465
0.549285
0.091841
0.412196
0.842827
0.347987
0.343091
0.883206
0.688535
0.620720
0.475612
0.592705
0.288061
0.157497
0.918505
0.587971
0.114443
0.350543
0.464588
0.506711
0.051555
0.004901
0.616300
0.178033
0.416760
0.372877
0.218580
0.537030
0.667361
0.110063
0.567511
0.106402
0.630691
0.637126
0.684314
0.998675
0.726028
0.066951
0.492396
0.075215
0.136504
0.463496
0.774321
0.123793
0.675680
0.610080
0.591941
0.359543
0.735960
0.171100
0.282159
0.180380
0.475935
0.453058
0.153680
0.160668
0.776855
0.553859
0.449801
0.745243
0.328599
0.433422
0.003046
0.046068
0.098972
0.809050
0.665120
0.299752
0.130014
0.092994
0.980763
0.022613
0.820295
0.463208
0.208290
0.070855
0.576527
0.668768
0.980945
0.213025
0.708387
0.698251
0.905730
0.441077
0.662911
0.778761
0.085987
0.832775
0.376208
0.984215
0.818688
0.999128
0.752908
0.382016
0.922099
0.020138
0.463349
0.001905
0.676074
0.626639
0.154665
0.799661
0.114574
0.287358
0.747473
0.481221
0.020288
0.645641
0.036642
0.911729
0.338375
0.961244
0.467340
0.311041
0.683580
0.072163
0.563204
0.480167
0.092683
0.123420
0.010214
0.944258
0.534811
0.774033
0.974519
0.667198
0.925855
0.202624
0.607811
0.244508
0.862153
0.625693
0.276712
0.039970
0.011862
0.639715
0.375221
0.968545
0.426638
0.673425
0.616657
0.756655
0.575153
0.481036
0.529079
0.742410
0.321262
0.235380
0.666073
0.448648
0.945761
0.402702
0.467566
0.863436
0.890441
0.186103
0.289390
0.542847
0.601572
0.686265
0.528904
0.331121
0.566493
0.093841
0.663595
0.811306
0.926840
0.491643
0.224966
0.530098
0.080899
0.820261
0.789955
0.256524
0.149685
0.212576
0.284153
0.998627
0.137407
0.120134
0.596599
0.197922
0.939313
0.858339
0.668100
0.998914
0.448354
0.099163
0.789752
0.629062
0.346687
0.516814
0.081645
0.865453
0.069797
0.929535
0.000220
0.622917
0.442056
0.556453
0.222273
0.309138
0.177810
0.682151
0.472595
0.065010
0.873124
0.471362
0.596781
0.831744
0.755928
0.368971
0.939599
0.913169
0.650280
0.412426
0.696606
0.484857
0.673418
0.590078
0.366181
0.412150
0.114345
0.508564
0.249047
0.302078
0.818721
0.072095
0.071478
0.440800
0.392750
0.351476
0.648135
0.868961
0.042562
0.227368
0.723878
0.275490
0.901137
0.561607
0.448206
0.082834
0.352340
0.372651
0.100850
0.811820
0.531943
0.147747
0.772984
0.519732
0.000924
0.882882
0.667432
0.257542
0.045576
0.462502
0.893742
0.880178
0.781194
0.835957
0.547415
0.762224
0.905905
0.645768
0.232928
0.968344
0.237801
0.646233
0.445134
0.219225
0.900249
0.865953
0.231358
0.162953
0.887262
0.341573
0.627443
0.816636
0.950204
0.237402
0.325706
0.780012
0.786275
0.431557
0.156498
0.644979
0.236997
0.365327
0.874329
0.704663
0.398959
0.524951
0.888063
0.163772
0.786104
0.945381
0.982289
0.605224
0.727973
0.571390
0.833075
0.200681
0.031145
0.842493
0.169092
0.085244
0.971868
0.160586
0.060630
0.009638
0.037436
0.493312
0.809966
0.727634
0.631223
0.100699
0.803782
0.665478
0.107170
0.958242
0.392344
0.536475
0.143920
0.646304
0.023495
0.612166
0.727881
0.433599
0.902970
0.190809
0.345697
0.319088
0.604497
0.239316
0.201875
0.535849
0.627097
0.677612
0.498278
0.943292
0.291910
0.643853
0.128291
0.209183
0.036310
0.760396
0.989139
0.826643
0.534581
0.875347
0.191286
0.447600
0.488477
0.105043
0.874663
0.782291
0.877609
0.556187
0.785087
0.996965
0.889884
0.565405
0.443567
0.969229
0.554849
0.162895
0.469358
0.820345
0.628958
0.086491
0.329223
0.240024
0.562606
0.248628
0.729684
0.878701
0.672731
0.929385
0.141779
0.838142
0.101951
0.826046
0.855242
0.470964
0.127635
0.433938
0.771221
0.482226
0.522614
0.367039
0.406775
0.488385
0.504489
0.808531
0.872096
0.053777
0.650552
0.758774
0.363868
0.686064
0.159971
0.617385
0.150744
0.128018
0.234989
0.697892
0.153291
0.116480
0.008566
0.301786
0.410620
0.806353
0.728966
0.223224
0.209384
0.705768
0.717339
0.595166
0.601567
0.629629
0.900263
0.919064
0.405629
0.880555
0.509874
0.150491
0.241752
0.622511
0.602124
0.286614
0.772904
0.876816
0.262593
0.215919
0.440349
0.070600
0.576538
0.865949
0.376755
0.345564
0.125414
0.389163
0.958060
0.840256
0.684556
0.040152
0.390186
0.342768
0.122917
0.828971
0.350644
0.091703
0.683239
0.276144
0.409597
0.951254
0.254270
0.502842
0.676799
0.807979
0.109208
0.121824
0.648955
0.833132
0.771104
0.133889
0.810136
0.812514
0.374437
0.470289
0.428440
0.213419
0.238546
0.034988
0.878281
0.545262
0.650979
0.495617
0.610000
0.966198
0.334625
0.853214
0.553993
0.013166
0.324930
0.454222
0.169933
0.908581
0.419788
0.321982
0.036291
0.963573
0.379983
0.966382
0.369418
0.211846
0.296247
0.125098
0.045442
0.344205
0.642583
0.606526
0.243615
0.867022
0.187104
0.256148
0.324347
0.693661
0.509314
0.956067
0.898551
0.874372
0.226886
0.103826
0.341440
0.991196
0.770090
0.540350
0.533226
0.692784
0.730812
0.782946
0.337801
0.114014
0.409215
0.268047
0.283433
0.890980
0.570100
0.483459
0.248389
0.558233
0.336236
0.254477
0.108028
0.144209
0.482298
0.720910
0.449959
0.925543
0.763799
0.199955
0.895269
0.374495
0.508967
0.410231
0.024432
0.833826
0.327410
0.991005
0.560154
0.196826
0.164997
0.155840
0.210235
0.684662
0.614643
0.888625
0.758124
0.735125
0.715422
0.388152
0.651681
0.812962
0.652885
0.224283
0.088895
0.466650
0.636092
0.495136
0.127885
0.743330
0.136547
0.678937
0.446437
0.255524
0.678303
0.083242
0.690388
0.541545
0.376036
0.732246
0.089240
0.981669
0.278095
0.471079
0.081308
0.040639
0.677034
0.490850
0.185086
0.466847
0.454121
0.305573
0.365721
0.826963
0.017149
0.180204
0.020853
0.727441
0.542447
0.519629
0.160533
0.532696
0.821979
0.544950
0.927195
0.944786
0.654875
0.353132
0.763724
0.740934
0.909203
0.884290
0.045475
0.156266
0.256989
0.937493
0.919837
0.134268
0.958188
0.665643
0.360238
0.997674
0.311639
0.690895
0.433417
0.534656
0.687188
0.948153
0.395411
0.123346
0.830757
0.175219
0.881033
0.313298
0.764863
0.572632
0.291025
0.519579
0.673856
0.818970
0.193049
0.465864
0.190921
0.563816
0.072109
0.215029
0.825534
0.424746
0.979770
0.919519
0.932029
0.954057
0.004952
0.693064
0.283786
0.524926
0.670659
0.475513
0.275047
0.885452
0.984526
0.800282
0.775626
0.739485
0.628607
0.418756
0.722932
0.516335
0.883161
0.051367
0.597146
0.319895
0.969573
0.224178
0.037860
0.293772
0.841454
0.633676
0.602596
0.242791
0.511218
0.612990
0.854941
0.900228
0.271569
0.119057
0.016585
0.139607
0.927034
0.085247
0.948763
0.303665
0.075228
0.168284
0.106931
0.067607
0.794346
0.509928
0.165679
0.156669
0.400246
0.093647
0.016277
0.170748
0.844508
0.033768
0.905130
0.000240
0.272707
0.687217
0.871095
0.646930
0.000773
0.233834
0.443708
0.063995
0.403033
0.464230
0.580309
0.780553
0.778923
0.157292
0.707710
0.516362
0.039349
0.643044
0.768571
0.467952
0.675409
0.765887
0.213061
0.648677
0.613141
0.811731
0.504105
0.912673
0.208584
0.046264
0.763496
0.771139
0.763891
0.626663
0.110019
0.880159
0.291657
0.389091
0.825339
0.717421
0.568510
0.853666
0.368540
0.119733
0.957675
0.628352
0.176356
0.381091
0.948926
0.969607
0.741896
0.639227
0.815379
0.327304
0.283385
0.425427
0.598386
0.379131
0.832694
0.057855
0.561091
0.593130
0.294364
0.178358
0.960480
0.224577
0.072787
0.250555
0.659768
0.073358
0.370427
0.774867
0.554539
0.374500
0.489309
0.682153
0.787931
0.700536
0.085871
0.484782
0.661912
0.002687
0.038205
0.507500
0.315759
0.860983
0.804893
0.749871
0.859342
0.275171
0.968998
0.410358
0.365109
0.206875
0.672494
0.319968
0.704944
0.961773
0.237525
0.396224
0.874124
0.376338
0.302772
0.316271
0.899887
0.112703
0.449551
0.375436
0.514080
0.939047
